OEIL
-350
0
65
0
0
0
0
0
0
SPHERE
AD9A27
-250
0
10
10
0
0
0
0
0
0
0
0
0
0
0
0
0
0
0
0
0
0
1
0
0
-1
-1
-1
-1
-1
-1
-1
-1
-1
0
0
0
SPHERE
AD9A27
-110
30
40
15
0
0
0
0
0
0
0
0
0
0
0
0
0
0
0
0
0
0
1
0
0
-1
-1
-1
-1
-1
-1
-1
-1
-1
0
0
0
SPHERE
AD9A27
0
-20
50
20
0
0
0
0
0
0
0
0
0
0
0
0
0
0
0
0
0
0
1
0
0
-1
-1
-1
-1
-1
-1
-1
-1
-1
0
0
0
LAMPE
FFFFFF
0
-100
100
0
0
0
0
0
0
0
0
0
0
0
0
0
0
0
0
0
0
0
1
0
0
-1
-1
-1
-1
-1
-1
-1
-1
-1
0
0
0
LAMPE
FFFFFF
0
100
100
0
0
0
0
0
0
0
0
0
0
0
0
0
0
0
0
0
0
0
1
0
0
-1
-1
-1
-1
-1
-1
-1
-1
-1
0
0
0
CYLINDRE
DCEBDD
-150
100
0
25
0
0
0
0
0
0
0
0
0
0
0
0
0
0
0
0
0
0
1
0
0
-1
-1
-1
-1
-1
-1
-1
-1
-1
0
0
0
CYLINDRE
DCEBDD
-150
-100
0
25
0
0
0
0
0
0
0
0
0
0
0
0
0
0
0
0
0
0
1
0
0
-1
-1
-1
-1
-1
-1
-1
-1
-1
0
0
0
CYLINDRE
DCEBDD
150
-80
0
25
0
0
0
0
0
0
0
0
0
0
0
0
0
0
0
0
0
0
1
0
0
-1
-1
-1
-1
-1
-1
-1
-1
-1
0
0
0
CYLINDRE
DCEBDD
150
80
0
25
0
0
0
0
0
0
0
0
0
0
0
0
0
0
0
0
0
0
1
0
0
-1
-1
-1
-1
-1
-1
-1
-1
-1
0
0
0
PLAN
304345
10000
0
0
0
0
90
0
0
0
0
0
0
0
0
0
0
0
0
0
0
0
0
1
0
0
-1
-1
-1
-1
-1
-1
-1
-1
-1
0
0
0
PLAN
A0D5D6
0
0
0
0
0
0
0
0
0
0
0
0
0
0
0
0
0
0
0
0
0
0
1
0
0
-1
-1
-1
-1
-1
-1
-1
-1
-1
0
0
0